1 -8.5381e-18 1.301e-17 3.4013
-6.6204e-18 1 4.0766e-17 0.51084
1.301e-17 4.0766e-17 1 -0.15965
0.99996 -0.0015675 -0.0086031 3.4038
0.0021806 0.99742 0.071727 1.4847
0.0084685 -0.071743 0.99739 0.62488
0.99999 0.0019702 0.0047726 4.5104
-0.0025008 0.99349 0.11386 1.9384
-0.0045172 -0.11387 0.99349 2.8679
0.99957 0.018511 0.022648 2.0967
-0.023306 0.9719 0.23422 5.7422
-0.017676 -0.23465 0.97192 5.0564
0.99965 0.017996 0.019631 1.5095
-0.021603 0.97904 0.20252 5.0724
-0.015575 -0.20287 0.97908 5.9118
0.99937 0.023124 -0.026794 1.1442
-0.018063 0.98427 0.17575 4.7796
0.030437 -0.17515 0.98407 7.5727
0.9993 0.028155 -0.024678 1.1653
-0.021869 0.97396 0.22566 4.7798
0.030389 -0.22496 0.97389 8.767
0.99954 0.027769 -0.012243 1.0946
-0.023571 0.96447 0.26315 4.9847
0.019115 -0.26274 0.96468 9.9363
0.99932 0.036998 -0.00045592 3.1288
-0.036121 0.97815 0.20476 6.2595
0.0080215 -0.2046 0.97881 -3.2892
0.99919 0.037393 -0.014883 4.4824
-0.034642 0.98732 0.15489 2.0122
0.020486 -0.15424 0.98782 0.55455
0.99934 0.035468 -0.0077614 3.8561
-0.033563 0.98399 0.17504 1.9522
0.013845 -0.17466 0.98453 1.3442
0.99888 0.046395 0.009758 3.252
-0.047307 0.98895 0.14047 1.7272
-0.0031328 -0.14078 0.99004 4.1499
0.9997 0.020555 0.013239 2.6341
-0.022048 0.99194 0.12474 1.6249
-0.010568 -0.125 0.9921 5.2948
0.99922 0.033692 -0.020795 2.5666
-0.030728 0.99113 0.1293 1.3825
0.024967 -0.12856 0.99139 6.7014
0.99897 0.044718 -0.0081898 2.7319
-0.043205 0.9899 0.13506 2.6789
0.014146 -0.13456 0.9908 4.767
0.9992 0.034446 -0.020461 2.6904
-0.031223 0.9895 0.14109 2.774
0.025107 -0.14034 0.98978 5.7911
0.99944 0.030264 -0.014024 2.9934
-0.028495 0.99322 0.11266 3.4962
0.017338 -0.1122 0.99353 7.4056
0.99981 0.015366 -0.011582 3.0165
-0.013754 0.99163 0.12835 3.2273
0.013457 -0.12816 0.99166 8.3123
0.99798 0.036074 -0.052271 0.68537
-0.028565 0.99004 0.13787 3.5986
0.056724 -0.13609 0.98907 8.5003
0.99748 0.03847 -0.059562 0.65388
-0.028715 0.98722 0.15673 3.7034
0.064831 -0.15462 0.98584 9.4986
0.99742 0.045792 -0.055349 0.47395
-0.039466 0.9931 0.11041 -0.49632
0.060023 -0.10794 0.99234 15.779
0.99889 0.029937 -0.036304 0.39286
-0.025818 0.9937 0.10906 -0.68277
0.03934 -0.108 0.99337 16.484
0.99924 0.031888 -0.02248 0.35841
-0.028278 0.98891 0.14583 -0.66256
0.026881 -0.14508 0.98905 17.185
0.99915 0.036132 -0.019795 0.30975
-0.032466 0.98632 0.16162 -0.6332
0.025364 -0.16084 0.98665 17.961
0.9995 0.023706 -0.021107 0.51655
-0.02131 0.994 0.1073 -0.93546
0.023524 -0.10679 0.994 18.951
0.99858 0.034571 -0.040524 0.51115
-0.029627 0.99271 0.11683 -1.1169
0.044267 -0.11546 0.99232 19.788
0.99906 0.040512 -0.015266 0.27188
-0.037757 0.98787 0.15062 -0.83569
0.021182 -0.14991 0.98847 20.673
0.99857 0.023836 -0.047887 -0.0097391
-0.017761 0.99218 0.12351 -1.1531
0.050457 -0.12248 0.99119 21.382
0.99757 0.034091 -0.060754 0.23234
-0.029161 0.99635 0.080265 -1.5835
0.063268 -0.078298 0.99492 22.202
0.99689 0.029807 -0.07296 0.09583
-0.019917 0.99096 0.13271 -1.7886
0.076256 -0.13084 0.98847 22.666
0.99732 0.025745 -0.06846 0.38338
-0.01356 0.98486 0.17283 -2.6057
0.071873 -0.17144 0.98257 23.105
0.9979 0.0053424 -0.064522 0.20067
0.0031543 0.99139 0.13087 -2.2201
0.064666 -0.1308 0.9893 23.703
0.99793 -0.0013944 -0.064226 0.68238
0.0058932 0.99754 0.069911 -3.0012
0.06397 -0.070145 0.99548 24.477
0.9942 0.016424 -0.10629 -0.22048
-0.002421 0.99144 0.13056 -2.1981
0.10752 -0.12954 0.98573 24.141
0.99546 0.018975 -0.0933 -0.43865
-0.01227 0.99734 0.071916 -2.6359
0.094416 -0.070444 0.99304 24.651
0.99481 0.00075704 -0.10175 -0.70922
0.0029202 0.99935 0.035987 -2.7097
0.10171 -0.036097 0.99416 25.533
0.99252 0.012841 -0.12139 -0.80012
-0.00040603 0.99479 0.10192 -2.9692
0.12206 -0.10111 0.98736 26.241
0.99423 0.044598 -0.097564 -1.1067
-0.03963 0.99785 0.052275 -3.2403
0.099685 -0.048107 0.99386 26.813
0.99164 0.031829 -0.12506 -1.0211
-0.028888 0.99926 0.02526 -3.5429
0.12577 -0.021436 0.99183 27.672
0.99323 0.037857 -0.10979 -1.1999
-0.031799 0.9979 0.056414 -4.0147
0.1117 -0.052541 0.99235 28.191
0.99259 0.048539 -0.11144 -0.47672
-0.039908 0.99612 0.078418 -3.8956
0.11481 -0.073389 0.99067 28.998
0.99201 0.025547 -0.12356 -0.78851
-0.023284 0.99953 0.019727 -4.4062
0.12401 -0.016692 0.99214 29.65
0.99536 0.02074 -0.093969 -0.94028
-0.022612 0.99957 -0.018896 -4.7427
0.093536 0.020933 0.9954 30.605
0.99395 0.036576 -0.10358 -1.2273
-0.039092 0.99899 -0.022365 -5.0725
0.10265 0.026279 0.99437 32.655
0.99466 0.055178 -0.087209 -1.1712
-0.056711 0.99827 -0.015201 -5.1175
0.08622 0.020066 0.99607 33.509
0.9959 0.050236 -0.075207 -1.4237
-0.052206 0.99834 -0.024462 -5.049
0.073853 0.028288 0.99687 34.501
0.9956 0.064966 -0.067562 -1.6739
-0.062112 0.99712 0.043524 -5.068
0.070195 -0.039136 0.99677 35.494
0.99454 0.062909 -0.083276 -1.7002
-0.060856 0.99778 0.026977 -4.9373
0.084788 -0.021761 0.99616 36.498
0.99653 0.038904 -0.073642 -1.1481
-0.039725 0.99916 -0.0097117 -5.3201
0.073202 0.012603 0.99724 37.249
0.99735 0.015246 -0.07107 -0.92504
-0.015464 0.99988 -0.0025289 -5.5462
0.071023 0.0036213 0.99747 38.201
0.99415 0.027246 -0.10451 -1.8481
-0.027372 0.99963 0.00022557 -5.5836
0.10448 0.0026364 0.99452 38.589
